1 2
3 4
3 5
4 5
3 6
4 6
5 6
3 7
4 7
5 7
6 7
8 9
8 10
8 11
10 11
8 12
11 12
10 12
13 14
13 15
14 15
13 16
14 16
15 16
17 18
17 19
18 19
21 22
21 23
22 23
24 25
24 26
25 26
28 29
28 30
29 30
31 32
31 33
32 33
31 34
31 35
34 35
36 37
36 38
37 38
36 39
37 39
38 39
36 40
37 40
38 40
39 40
36 41
37 41
38 41
39 41
40 41
43 44
45 46
45 47
46 47
48 49
48 50
49 50
48 51
49 51
50 51
34 52
52 53
34 53
52 54
53 54
34 54
35 54
52 55
53 55
54 55
34 55
35 55
31 55
52 56
52 57
56 57
52 58
52 59
58 59
60 61
60 62
61 62
63 64
63 65
64 65
63 66
64 66
65 66
67 68
67 69
68 69
70 71
70 72
71 72
70 73
71 73
72 73
74 75
74 76
75 76
74 77
75 77
76 77
78 79
47 79
78 80
79 80
78 81
79 81
80 81
82 83
82 84
83 84
85 86
85 87
86 87
88 89
56 91
92 93
92 94
93 94
95 96
95 97
96 97
95 98
96 98
97 98
70 98
95 99
96 99
97 99
98 99
95 100
97 100
98 100
95 101
100 101
97 101
98 101
103 104
103 105
104 105
106 107
106 108
107 108
109 110
112 113
114 115
117 118
119 120
121 122
79 122
123 124
123 125
124 125
127 128
127 129
128 129
130 131
34 132
31 132
35 132
34 133
35 133
54 133
55 133
34 134
35 134
133 134
54 134
55 134
34 135
35 135
133 135
134 135
54 135
55 135
136 137
138 139
140 141
140 142
141 142
140 143
141 143
142 143
140 144
141 144
142 144
143 144
140 145
141 145
142 145
143 145
144 145
140 146
141 146
142 146
143 146
144 146
145 146
140 147
141 147
142 147
143 147
144 147
145 147
146 147
140 148
141 148
142 148
143 148
144 148
145 148
146 148
147 148
140 149
141 149
142 149
143 149
144 149
145 149
146 149
147 149
148 149
72 150
150 151
72 151
97 151
95 151
150 152
72 152
151 152
128 152
150 153
154 155
154 156
155 156
154 157
155 157
156 157
72 158
72 159
158 159
161 162
163 164
165 166
167 168
170 171
170 172
171 172
173 174
173 175
174 175
176 177
176 178
177 178
180 181
180 182
181 182
183 184
56 185
57 185
185 186
185 187
186 187
188 189
188 190
189 190
34 191
47 192
192 193
47 193
192 194
193 194
47 194
192 195
47 195
196 197
196 198
197 198
196 199
197 199
198 199
196 200
197 200
198 200
199 200
201 202
25 202
26 202
201 203
202 203
25 203
26 203
132 204
206 207
208 209
208 210
209 210
211 212
211 213
212 213
214 215
214 216
215 216
49 217
137 217
217 218
49 218
217 219
218 219
49 219
217 220
219 220
217 221
220 221
219 221
217 222
220 222
221 222
217 223
220 223
221 223
222 223
217 224
137 224
217 225
221 225
220 225
219 225
151 226
97 226
95 226
152 226
227 228
229 230
229 231
230 231
229 232
230 232
231 232
234 235
234 236
235 236
73 236
238 239
240 241
240 242
243 244
245 246
245 247
245 248
249 250
249 251
250 251
218 252
217 252
219 252
218 253
217 253
252 253
219 253
255 256
255 257
256 257
259 260
261 262
263 264
263 265
264 265
263 266
264 266
265 266
263 267
264 267
265 267
266 267
263 268
264 268
265 268
266 268
267 268
263 269
264 269
265 269
266 269
267 269
268 269
263 270
264 270
265 270
266 270
267 270
268 270
269 270
271 272
274 275
274 276
275 276
277 278
277 279
278 279
280 281
280 282
281 282
79 282
151 282
280 283
281 283
282 283
280 284
281 284
282 284
283 284
280 285
281 285
282 285
283 285
284 285
280 286
281 286
282 286
283 286
284 286
285 286
287 288
287 289
288 289
287 290
289 290
291 292
291 293
292 293
294 295
297 298
297 299
297 300
299 300
297 301
299 301
300 301
204 302
151 302
152 302
163 302
302 303
204 303
302 304
204 304
303 304
302 305
303 305
79 306
306 307
79 307
306 308
307 308
79 308
266 308
267 308
269 308
306 309
307 309
308 309
79 309
306 310
79 310
309 310
98 311
70 311
312 313
314 315
314 316
315 316
204 317
302 317
163 317
204 318
317 318
302 318
319 320
321 322
321 323
322 323
321 324
322 324
323 324
321 325
324 325
321 326
324 326
325 326
327 328
31 328
327 329
328 329
327 330
328 330
329 330
152 331
331 332
152 332
333 334
333 335
334 335
333 336
334 336
335 336
337 338
339 340
339 341
340 341
339 342
340 342
341 342
343 344
222 344
220 344
343 345
344 345
253 346
217 346
346 347
253 347
217 347
346 348
347 348
253 348
217 348
349 350
349 351
350 351
349 352
350 352
351 352
349 353
350 353
351 353
352 353
349 354
350 354
351 354
352 354
353 354
355 356
355 357
356 357
358 359
358 360
359 360
358 361
359 361
358 362
361 362
359 362
63 363
363 364
363 365
363 366
365 366
367 368
367 369
368 369
25 370
26 370
79 371
371 372
79 372
310 372
373 374
373 375
374 375
34 376
376 377
34 377
376 378
377 378
34 378
376 379
377 379
378 379
380 381
380 382
381 382
383 384
383 385
384 385
386 387
386 388
387 388
386 389
387 389
388 389
386 390
387 390
388 390
389 390
386 391
387 391
388 391
389 391
390 391
386 392
387 392
388 392
389 392
390 392
391 392
386 393
387 393
388 393
389 393
390 393
391 393
392 393
394 395
394 396
395 396
394 397
395 397
396 397
398 399
398 400
399 400
398 401
399 401
400 401
278 402
279 402
402 403
278 403
279 403
328 403
329 403
31 403
402 404
403 404
278 404
279 404
402 405
403 405
278 405
404 405
279 405
402 406
403 406
278 406
404 406
279 406
405 406
167 407
409 410
409 411
410 411
409 412
410 412
411 412
409 413
410 413
411 413
412 413
409 414
411 414
413 414
415 416
248 416
403 417
328 417
329 417
403 418
328 418
419 420
320 422
423 424
423 425
424 425
426 427
426 428
427 428
47 429
429 430
431 432
431 433
434 435
246 436
245 436
437 438
437 439
438 439
119 440
440 441
440 442
119 442
443 444
73 444
445 446
447 448
447 449
448 449
447 450
448 450
449 450
283 451
453 454
453 455
454 455
453 456
454 456
455 456
453 457
454 457
455 457
456 457
453 458
454 458
455 458
456 458
457 458
453 459
454 459
455 459
456 459
457 459
458 459
453 460
454 460
455 460
456 460
457 460
458 460
459 460
461 462
461 463
462 463
461 464
462 464
463 464
302 464
34 465
465 466
465 467
466 467
468 469
468 470
469 470
468 471
469 471
470 471
468 472
469 472
470 472
471 472
473 474
223 474
220 474
473 475
474 475
476 477
476 478
476 479
478 479
480 481
480 482
481 482
480 483
481 483
482 483
484 485
34 486
487 488
34 489
55 489
489 490
34 490
55 490
310 491
79 491
491 492
310 492
491 493
491 494
310 494
495 496
495 497
496 497
498 499
304 500
151 501
501 502
501 503
502 503
501 504
503 504
506 507
191 508
34 508
508 509
191 509
34 509
508 510
509 510
191 510
34 510
512 513
246 514
245 514
515 516
515 517
516 517
347 517
217 517
152 517
151 517
226 517
515 518
516 518
517 518
152 518
151 518
226 518
128 518
153 518
519 520
521 522
77 523
523 524
523 525
524 525
523 526
524 526
525 526
523 527
524 527
525 527
526 527
523 528
529 530
531 532
531 533
532 533
531 534
532 534
533 534
535 536
538 539
538 540
539 540
538 541
538 542
541 542
538 543
541 543
542 543
545 546
547 548
56 548
57 548
330 548
122 549
549 550
122 550
549 551
550 551
122 551
553 554
553 555
554 555
557 558
557 559
558 559
560 561
34 562
54 562
35 562
134 562
55 562
133 562
135 562
562 563
34 563
54 563
35 563
134 563
55 563
133 563
135 563
83 564
564 565
564 566
565 566
564 567
565 567
566 567
190 568
569 570
571 572
573 574
282 575
284 575
575 576
282 576
575 577
282 577
578 579
581 582
581 583
582 583
584 585
137 586
586 587
137 587
586 588
587 588
137 588
590 591
308 591
590 592
591 592
590 593
591 593
592 593
594 595
278 596
404 596
279 596
328 597
417 597
47 597
598 599
600 601
603 604
276 607
276 608
607 608
276 609
607 609
608 609
46 610
610 611
46 611
610 612
46 612
610 613
46 613
612 613
615 616
617 618
619 620
619 621
620 621
622 623
624 625
626 627
626 628
627 628
626 629
627 629
628 629
630 631
630 632
631 632
338 632
633 634
636 637
636 638
637 638
163 639
317 639
302 639
464 639
639 640
163 640
317 640
302 640
639 641
79 642
643 644
79 647
648 649
190 651
568 651
651 652
190 652
568 652
35 653
653 654
653 655
654 655
35 655
56 655
57 655
653 656
654 656
655 656
35 656
653 657
655 657
656 657
653 658
35 658
655 658
656 658
659 660
659 661
660 661
659 662
660 662
661 662
663 664
663 665
664 665
663 666
664 666
665 666
663 667
664 667
665 667
666 667
668 669
670 671
670 672
673 674
516 675
517 675
444 676
676 677
444 677
664 678
663 678
679 680
679 681
680 681
682 683
682 684
683 684
682 685
683 685
684 685
58 686
351 687
538 690
540 690
690 691
538 691
540 691
343 693
694 695
694 696
695 696
694 697
695 697
696 697
694 698
695 698
696 698
697 698
220 698
344 698
694 699
695 699
696 699
697 699
698 699
446 700
97 701
701 702
97 702
701 703
97 703
702 703
705 706
705 707
706 707
705 708
706 708
707 708
98 709
95 709
97 709
100 709
98 710
70 710
72 710
73 710
98 711
710 711
70 711
88 712
89 712
643 713
713 714
643 714
696 716
696 717
716 717
696 718
716 718
717 718
696 719
716 719
717 719
718 719
720 721
671 722
724 725
724 726
725 726
724 727
725 727
726 727
137 730
588 730
731 732
733 734
733 735
734 735
72 737
737 738
72 738
444 739
73 739
444 740
294 743
295 743
524 743
743 744
294 744
295 744
743 745
294 745
744 745
295 745
743 746
743 747
295 747
524 747
748 749
751 752
720 753
753 754
720 754
755 756
35 757
79 757
757 758
70 758
73 758
757 759
758 759
70 759
73 759
757 760
79 760
372 760
757 761
35 761
757 762
35 762
757 763
762 763
35 763
757 764
762 764
763 764
35 764
757 765
762 765
122 765
757 766
765 766
762 766
122 766
767 768
767 769
768 769
767 770
768 770
769 770
128 771
127 771
771 772
128 772
127 772
771 773
772 773
128 773
127 773
771 774
772 774
128 774
773 774
127 774
762 775
658 775
655 775
775 776
762 776
765 776
757 776
766 776
775 777
762 777
776 777
778 779
497 781
781 782
497 782
632 784
632 785
784 785
786 787
786 788
787 788
347 789
217 789
517 789
598 790
790 791
598 791
663 793
793 794
663 794
793 795
663 795
794 795
65 796
796 797
65 797
796 798
797 798
65 798
796 799
797 799
798 799
65 799
800 801
800 802
801 802
800 803
801 803
802 803
800 804
801 804
802 804
803 804
800 805
801 805
802 805
803 805
804 805
63 806
363 806
806 807
63 807
363 807
806 808
807 808
63 808
363 808
806 809
807 809
808 809
63 809
810 811
813 814
815 816
815 817
816 817
818 819
820 821
822 823
822 824
823 824
822 825
823 825
824 825
826 827
826 828
827 828
826 829
827 829
828 829
826 830
827 830
828 830
829 830
826 831
827 831
828 831
829 831
830 831
826 832
827 832
828 832
829 832
830 832
831 832
826 833
827 833
828 833
829 833
830 833
831 833
832 833
826 834
827 834
828 834
829 834
830 834
831 834
832 834
833 834
826 835
827 835
828 835
829 835
830 835
831 835
832 835
833 835
834 835
836 837
836 838
837 838
35 840
34 840
55 840
35 841
31 841
55 841
34 841
842 843
842 844
843 844
845 846
845 847
846 847
845 848
846 848
847 848
849 850
851 852
851 853
852 853
647 854
79 854
856 857
856 858
857 858
107 860
295 861
861 862
861 863
862 863
655 864
864 865
655 865
655 866
35 866
372 867
867 868
372 868
871 872
871 873
872 873
871 874
872 874
873 874
871 875
872 875
873 875
874 875
878 879
878 880
879 880
878 881
879 881
880 881
878 882
879 882
880 882
881 882
884 885
884 886
885 886
887 888
889 890
889 891
890 891
762 893
765 893
757 893
766 893
776 893
653 894
655 894
656 894
56 894
57 894
403 895
31 895
328 895
896 897
896 898
897 898
896 899
897 899
898 899
896 900
897 900
898 900
899 900
901 902
901 903
902 903
904 905
904 906
905 906
907 908
308 909
266 909
267 909
269 909
910 911
910 912
911 912
913 914
913 915
914 915
913 916
914 916
915 916
913 917
914 917
915 917
916 917
913 918
914 918
915 918
916 918
917 918
172 919
921 922
416 923
924 925
924 926
925 926
178 927
244 928
930 931
743 932
294 932
744 932
295 932
932 933
743 933
294 933
744 933
295 933
932 934
56 935
57 935
118 936
936 937
118 937
936 938
937 938
118 938
936 939
937 939
938 939
118 939
479 941
942 943
942 944
943 944
264 945
266 945
267 945
269 945
264 946
266 946
267 946
945 946
269 946
2 947
948 949
950 951
952 953
952 954
953 954
952 955
954 955
953 955
195 956
956 957
195 957
958 959
958 960
959 960
961 962
961 963
962 963
518 964
152 964
964 965
518 965
152 965
966 967
966 968
967 968
966 969
967 969
968 969
966 970
967 970
968 970
969 970
966 971
967 971
968 971
969 971
970 971
973 974
301 974
975 976
975 977
976 977
89 977
759 978
758 978
70 978
73 978
979 980
981 982
981 983
982 983
984 985
474 985
473 985
984 986
985 986
474 986
984 987
985 987
988 989
974 990
89 992
993 994
995 996
995 997
996 997
995 998
996 998
997 998
995 999
996 999
997 999
998 999
1000 1001
914 1001
917 1001
256 1001
255 1001
974 1003
1003 1004
974 1004
1003 1005
1004 1005
974 1005
79 1006
1007 1008
52 1009
34 1009
1010 1011
1012 1013
1014 1015
63 1017
807 1017
1018 1019
128 1022
129 1022
128 1023
129 1023
1022 1023
128 1024
129 1024
1022 1024
1023 1024
54 1025
1025 1026
54 1026
304 1027
1027 1028
747 1029
295 1029
1029 1030
747 1030
295 1030
551 1031
122 1031
1032 1033
1034 1035
1036 1037
1036 1038
1036 1039
1038 1039
309 1040
1040 1041
309 1041
225 1042
219 1042
217 1042
1043 1044
1043 1045
1044 1045
1011 1046
483 1047
13 1048
1048 1049
13 1049
1048 1050
1049 1050
13 1050
1048 1051
1049 1051
1050 1051
13 1051
1053 1054
1055 1056
1055 1057
1055 1058
1057 1058
1055 1059
1057 1059
1058 1059
1061 1062
1061 1063
1062 1063
1061 1064
1062 1064
1063 1064
1061 1065
1062 1065
1063 1065
1064 1065
1061 1066
1062 1066
1063 1066
1064 1066
1065 1066
1061 1067
1062 1067
1063 1067
1064 1067
1065 1067
1066 1067
1061 1068
1062 1068
1063 1068
1064 1068
1065 1068
1066 1068
1067 1068
1061 1069
1062 1069
1063 1069
1064 1069
1065 1069
1066 1069
1067 1069
1068 1069
1061 1070
1062 1070
1063 1070
1064 1070
1065 1070
1066 1070
1067 1070
1068 1070
1069 1070
807 1071
806 1071
808 1071
63 1071
807 1072
806 1072
808 1072
1071 1072
63 1072
363 1072
1017 1072
807 1073
806 1073
808 1073
1071 1073
1072 1073
63 1073
807 1074
806 1074
808 1074
1071 1074
1072 1074
1073 1074
63 1074
228 1075
1079 1080
282 1082
70 1083
1083 1084
70 1084
1 1085
2 1085
517 1087
517 1088
1087 1088
517 1089
1088 1089
152 1089
517 1090
1088 1090
474 1092
473 1092
985 1092
474 1093
985 1093
986 1093
1094 1095
1094 1096
1095 1096
1094 1097
1095 1097
1096 1097
1098 1099
1098 1100
1099 1100
1102 1103
1102 1104
1103 1104
1106 1107
1106 1108
1107 1108
1106 1109
1107 1109
1108 1109
1106 1110
1107 1110
1108 1110
1109 1110
1106 1111
1107 1111
1108 1111
1109 1111
1110 1111
1106 1112
1107 1112
1108 1112
1109 1112
1110 1112
1111 1112
1106 1113
1107 1113
1108 1113
1109 1113
1110 1113
1111 1113
1112 1113
1106 1114
1107 1114
1108 1114
1109 1114
1110 1114
1111 1114
1112 1114
1113 1114
1115 1116
1117 1118
1117 1119
1118 1119
1117 1120
1118 1120
1119 1120
1117 1121
1118 1121
1119 1121
1120 1121
79 1122
79 1123
1122 1123
79 1124
757 1124
248 1125
416 1125
1125 1126
248 1126
416 1126
1128 1129
977 1130
658 1131
775 1131
655 1131
35 1131
1132 1133
1134 1135
957 1136
195 1136
1136 1137
957 1137
195 1137
1136 1138
1137 1138
957 1138
195 1138
1136 1139
195 1139
957 1139
1140 1141
1142 1143
222 1146
344 1146
220 1146
698 1146
1147 1148
1147 1149
1148 1149
1147 1150
1148 1150
1149 1150
1147 1151
1148 1151
1149 1151
1150 1151
1153 1154
1153 1155
1154 1155
1153 1156
1154 1156
1155 1156
1153 1157
1154 1157
1155 1157
1156 1157
1153 1158
1154 1158
1155 1158
1156 1158
1157 1158
1153 1159
1154 1159
1155 1159
1156 1159
1157 1159
1158 1159
1153 1160
1154 1160
1155 1160
1156 1160
1157 1160
1158 1160
1159 1160
1153 1161
1154 1161
1155 1161
1156 1161
1157 1161
1158 1161
1159 1161
1160 1161
115 1163
187 1163
115 1164
1163 1164
1165 1166
260 1167
259 1167
260 1168
259 1168
1167 1168
1169 1170
821 1171
79 1173
932 1176
1176 1177
932 1177
151 1178
97 1178
151 1179
282 1179
590 1181
591 1181
592 1181
1181 1182
590 1182
591 1182
592 1182
303 1183
1185 1186
1185 1187
1186 1187
328 1190
329 1190
55 1191
35 1191
841 1191
34 1191
1191 1192
55 1192
35 1192
841 1192
34 1192
1194 1195
79 1196
1196 1197
79 1197
1196 1198
1197 1198
79 1198
1199 1200
1199 1201
1200 1201
914 1202
917 1202
1001 1202
915 1202
916 1202
914 1203
917 1203
1202 1203
1001 1203
914 1204
917 1204
1202 1204
1203 1204
1001 1204
914 1205
917 1205
1202 1205
1203 1205
1204 1205
1001 1205
914 1206
917 1206
1202 1206
1203 1206
1204 1206
1205 1206
1001 1206
914 1207
917 1207
1202 1207
915 1207
916 1207
914 1208
1207 1208
917 1208
1202 1208
915 1208
916 1208
914 1209
1207 1209
917 1209
1202 1209
915 1209
1208 1209
916 1209
1210 1211
1210 1212
1211 1212
1210 1213
1211 1213
1212 1213
331 1215
1215 1216
331 1216
1215 1217
331 1217
1216 1217
1215 1218
331 1218
1216 1218
1217 1218
1219 1220
501 1222
151 1222
1223 1224
1223 1225
1224 1225
1226 1227
1226 1228
133 1229
55 1229
34 1229
133 1230
1229 1230
55 1230
34 1230
245 1231
1232 1233
416 1234
1234 1235
416 1235
482 1236
1236 1237
482 1237
1238 1239
548 1240
1241 1242
1243 1244
483 1245
1245 1246
483 1246
1245 1247
1246 1247
483 1247
1245 1248
1246 1248
1247 1248
483 1248
1249 1250
482 1251
1251 1252
482 1252
1253 1254
1253 1255
1254 1255
765 1256
766 1256
122 1256
1202 1257
917 1257
1202 1258
1257 1258
917 1258
1259 1260
1261 1262
1261 1263
1262 1263
376 1264
377 1264
378 1264
1265 1266
1265 1267
1266 1267
1265 1268
1266 1268
1267 1268
873 1269
321 1271
322 1271
948 1272
1272 1273
948 1273
844 1274
1274 1275
844 1275
1274 1276
1275 1276
844 1276
1274 1277
1275 1277
844 1277
1276 1277
745 1279
295 1279
744 1279
743 1279
294 1279
745 1280
745 1281
1280 1281
745 1282
1280 1282
1281 1282
1146 1283
220 1283
1283 1284
1146 1284
220 1284
1287 1288
1287 1289
1288 1289
1287 1290
1288 1290
1289 1290
1287 1291
1288 1291
1289 1291
1290 1291
1293 1294
1293 1295
1294 1295
376 1296
377 1296
34 1296
378 1296
1299 1300
1019 1304
1019 1305
1304 1305
1019 1306
1019 1307
1018 1307
1019 1308
1307 1308
1018 1308
1019 1309
1307 1309
1308 1309
1018 1309
1019 1310
1307 1310
1308 1310
1309 1310
1018 1310
1311 1312
1313 1314
1313 1315
1314 1315
1313 1316
1314 1316
1315 1316
54 1316
1313 1317
1314 1317
1315 1317
1316 1317
901 1319
1321 1322
525 1323
1324 1325
1324 1326
1325 1326
1327 1328
1329 1330
1332 1333
1332 1334
1333 1334
1336 1337
1336 1338
1337 1338
1336 1339
1337 1339
1338 1339
883 1340
518 1342
282 1343
151 1343
1179 1343
282 1344
282 1345
1344 1345
1226 1346
722 1347
378 1348
1348 1349
378 1349
363 1350
1350 1351
363 1351
1350 1352
1351 1352
363 1352
1350 1353
1351 1353
1352 1353
363 1353
1355 1356
524 1357
747 1357
743 1357
932 1357
1357 1358
1108 1358
1357 1359
1358 1359
1108 1359
1357 1360
47 1362
429 1362
47 1363
1362 1363
429 1363
47 1364
1287 1365
1365 1366
1287 1366
1365 1367
1366 1367
1287 1367
1365 1368
1366 1368
1367 1368
1287 1368
933 1369
294 1369
295 1369
932 1369
933 1370
1369 1370
294 1370
295 1370
932 1370
1371 1372
1373 1374
1375 1376
1375 1377
1376 1377
1295 1378
1378 1379
1295 1379
523 1382
77 1382
195 1385
1385 1386
195 1386
1387 1388
330 1390
548 1390
1391 1392
1391 1393
1392 1393
1146 1395
220 1395
344 1395
698 1395
1395 1396
1146 1396
220 1396
344 1396
698 1396
1395 1397
1146 1397
1396 1397
220 1397
344 1397
698 1397
1395 1398
1146 1398
1396 1398
220 1398
344 1398
1397 1398
698 1398
315 1399
1400 1401
1400 1402
1401 1402
1400 1403
1401 1403
1402 1403
1400 1404
1401 1404
1402 1404
1403 1404
328 1405
417 1405
1405 1406
328 1406
417 1406
1405 1407
1406 1407
328 1407
417 1407
1405 1408
1406 1408
328 1408
1407 1408
417 1408
1405 1409
1406 1409
328 1409
1407 1409
417 1409
1408 1409
497 1410
1410 1411
497 1411
1358 1412
1108 1412
1359 1412
1061 1413
187 1414
1163 1414
187 1415
1414 1415
1163 1415
187 1416
1414 1416
1163 1416
1415 1416
304 1417
1027 1417
1417 1418
304 1418
1027 1418
931 1419
1337 1420
1421 1422
1421 1423
1422 1423
1421 1424
1422 1424
1423 1424
10 1425
1425 1426
10 1426
1427 1428
1427 1429
1428 1429
646 1430
1430 1431
646 1431
1430 1432
646 1432
1431 1432
1430 1433
646 1433
1431 1433
1432 1433
1430 1434
646 1434
1431 1434
1432 1434
1433 1434
1430 1435
646 1435
1431 1435
1432 1435
1433 1435
1434 1435
1430 1436
646 1436
1431 1436
1432 1436
1433 1436
1434 1436
1435 1436
1430 1437
646 1437
1431 1437
1432 1437
1433 1437
1434 1437
1435 1437
1436 1437
1430 1438
646 1438
1431 1438
1432 1438
1433 1438
1434 1438
1435 1438
1436 1438
1437 1438
1430 1439
646 1439
1431 1439
1432 1439
1433 1439
1434 1439
1435 1439
1436 1439
1437 1439
1438 1439
1430 1440
646 1440
1431 1440
1432 1440
1433 1440
1434 1440
1435 1440
1436 1440
1437 1440
1438 1440
1439 1440
1430 1441
646 1441
1431 1441
1432 1441
1433 1441
1434 1441
1435 1441
1436 1441
1437 1441
1438 1441
1439 1441
1440 1441
1430 1442
646 1442
1431 1442
1432 1442
1433 1442
1434 1442
1435 1442
1436 1442
1437 1442
1438 1442
1439 1442
1440 1442
1441 1442
1430 1443
646 1443
1431 1443
1432 1443
1433 1443
1434 1443
1435 1443
1436 1443
1437 1443
1438 1443
1439 1443
1440 1443
1441 1443
1442 1443
1430 1444
646 1444
1431 1444
1432 1444
1433 1444
1434 1444
1435 1444
1436 1444
1437 1444
1438 1444
1439 1444
1440 1444
1441 1444
1442 1444
1443 1444
1430 1445
646 1445
1431 1445
1432 1445
1433 1445
1434 1445
1435 1445
1436 1445
1437 1445
1438 1445
1439 1445
1440 1445
1441 1445
1442 1445
1443 1445
1444 1445
1430 1446
646 1446
1431 1446
1432 1446
1433 1446
1434 1446
1435 1446
1436 1446
1437 1446
1438 1446
1439 1446
1440 1446
1441 1446
1442 1446
1443 1446
1444 1446
1445 1446
1430 1447
646 1447
1431 1447
1432 1447
1433 1447
1434 1447
1435 1447
1436 1447
1437 1447
1438 1447
1439 1447
1440 1447
1441 1447
1442 1447
1443 1447
1444 1447
1445 1447
1446 1447
1430 1448
646 1448
1431 1448
1432 1448
1433 1448
1434 1448
1435 1448
1436 1448
1437 1448
1438 1448
1439 1448
1440 1448
1441 1448
1442 1448
1443 1448
1444 1448
1445 1448
1446 1448
1447 1448
1430 1449
1431 1449
1432 1449
1450 1451
284 1452
282 1452
217 1453
1361 1454
722 1455
483 1456
1457 1458
1457 1459
1458 1459
1457 1460
1458 1460
1459 1460
518 1461
128 1461
152 1461
56 1462
57 1462
861 1465
295 1465
1465 1466
861 1466
295 1466
1465 1467
1466 1467
861 1467
295 1467
1465 1468
1466 1468
861 1468
1467 1468
295 1468
54 1469
1316 1469
54 1470
1469 1470
1316 1470
54 1471
1469 1471
1316 1471
1470 1471
1472 1473
1472 1474
1473 1474
1475 1476
1475 1477
1476 1477
208 1478
1478 1479
208 1479
1480 1481
97 1482
1482 1483
97 1483
1484 1485
1484 1486
1485 1486
1487 1488
1143 1489
1489 1490
1143 1490
1492 1493
1492 1494
1494 1495
1496 1497
301 1498
83 1499
240 1501
1501 1502
240 1502
1501 1503
1502 1503
240 1503
1501 1504
1502 1504
240 1504
1503 1504
1001 1505
1505 1506
1505 1507
1506 1507
1505 1508
1506 1508
1507 1508
1505 1509
1506 1509
1507 1509
1508 1509
1505 1510
1506 1510
1507 1510
1508 1510
1509 1510
1512 1513
1512 1514
1513 1514
1001 1515
1505 1515
1121 1516
1121 1517
1516 1517
1121 1518
1516 1518
1517 1518
244 1519
928 1519
1519 1520
244 1520
928 1520
1519 1521
1520 1521
244 1521
928 1521
1523 1524
1526 1527
55 1530
34 1530
1531 1532
10 1533
533 1534
532 1534
531 1534
533 1535
1534 1535
532 1535
531 1535
533 1536
1534 1536
1535 1536
532 1536
531 1536
844 1537
1538 1539
1538 1540
1539 1540
1494 1541
1492 1541
1541 1542
1494 1542
1492 1542
1541 1543
1542 1543
1494 1543
1492 1543
1544 1545
1546 1547
1546 1548
1547 1548
1546 1549
1547 1549
1548 1549
309 1550
35 1551
34 1551
55 1551
1551 1552
35 1552
34 1552
295 1554
295 1555
1554 1555
295 1556
1554 1556
1555 1556
677 1557
1557 1558
677 1558
1557 1559
677 1559
1558 1559
1146 1561
220 1561
1561 1562
1146 1562
220 1562
64 1563
63 1563
1563 1564
64 1564
63 1564
1563 1565
1564 1565
64 1565
63 1565
1563 1566
1564 1566
1565 1566
64 1566
63 1566
1563 1567
1564 1567
1565 1567
1566 1567
64 1567
63 1567
1563 1568
1564 1568
1565 1568
1566 1568
1567 1568
64 1568
63 1568
1569 1570
338 1571
632 1571
338 1572
632 1572
1571 1572
338 1573
632 1573
1571 1573
1572 1573
338 1574
632 1574
1571 1574
1572 1574
1573 1574
632 1575
784 1575
1576 1577
1576 1578
1577 1578
1576 1579
1577 1579
1578 1579
632 1580
631 1580
1581 1582
1584 1585
1586 1587
1586 1588
523 1589
77 1589
