603	251
1076	992
825	657	442
205	901
13	77
270	350	613	585
151	346
1080	1017
243	757	249
26	143
747	694
575	613
640	250
340	6
418	91
118	162	1051
563	1	613	442	1008
878	761
143	244
848	597
1001	526
150	521
226	1038	1
582	727
871	432
377	229	33
865	964
27	6
706	575	993
900	127	8	1078
847	528
735	954
523	521
136	466
319	147
937	1	968
548	6
780	156	521	881
727	465
245	1035
737	196
748	696
346	247
846	368
983	292
733	825
741	885
838	298
965	835
750	1018
265	6
945	6	219
282	218
218	327
717	403
201	151
458	489	543	27	933	832	541
553	2
114	222
521	7
465	244
597	54
483	85
689	435
104	7
793	442	144
901	6
895	566
1078	991
292	461
783	899
107	198
657	61
1056	937
1059	1058
49	181
981	613	447	1053
692	181
798	199	1039
423	826
899	25
91	984
432	418
576	308	164
1091	861
252	392
1034	842
240	214
560	1085	1	849	301	616	442
774	1053
187	1057	943	30	747
481	158
215	98	874	719	176	390	1012
384	147
492	442
724	419
696	659
1037	246
684	916
1092	1091
135	687
933	1	848	613	442
536	664
898	33
125	947
619	147
567	1	1046	613	536	420
665	250	62
74	7
1049	178
102	470
77	442
293	672
1055	680
528	293	810
585	1	2
199	6
729	1	62
768	491
929	1	613	1015
351	189
618	156
660	240
303	693	1001
403	213
164	132
672	13
849	598
1018	770	1	613	442
1065	931
464	869
529	119	7	181	906	228
207	640
139	62
1027	1	613	442
518	633
184	144
405	170
485	590	143	26
916	578
693	665
222	340
411	252
845	898	2
12	557
853	82	522
996	599
364	241
448	475
1088	10	1
784	242	560	253	351	485	1055	915	862	927	822	374
889	521	244
892	854	7
971	425	768	961
1042	286
438	666
663	14	1034
174	489
302	190
110	143
678	454
885	871
132	85
428	280
1026	1	10	613	442
181	1
327	100
475	7
565	442	1053
1000	1046	613	1088
1038	1003
196	165
720	389
573	592
1036	865
648	246	549	594	805	118
927	762	1
444	930
654	457
145	708
289	880
635	369
835	192	305
440	87
1066	9
81	1042
156	7
391	244	492	135
99	63
949	255
531	483	1	156	407
989	657	1
39	1
47	2
558	1	945	442
891	529	250
906	938	1
912	807
284	227
308	270
450	572
516	258
387	132
681	854	653
807	827
301	40
590	759
162	306
178	367
715	184	1065
425	684	195	855	518	716
584	1
367	244
198	62
429	104
491	33
555	334	310
1051	965
158	359
419	1
339	674
583	2
460	393	673	410	357
43	692
1071	7	1063
290	1067
854	521
598	941
850	600	599
985	893
180	467
964	838
189	867	125
390	10	155
664	468	62
832	1046	613	314
982	555	200	676	798	391	338	215	294
147	33
599	603
1011	61	489
358	296
868	265
621	749
224	438
296	2
509	244
753	565
498	319	207
874	444
701	154
1089	1026
415	748	929
968	854
627	144
827	10	442
141	136	547
833	878
395	40	181	708
757	718
513	972
85	350
206	62	121
526	1005	1
700	145
275	1	32
1035	260
550	1
609	385
947	753
1053	367
810	764	677	1043	293
823	448
40	1	2
765	500	499
96	73
961	864
54	521
1050	1046	613	905
138	471
836	303
9	10
388	986
108	82
190	725
559	1046	442
869	436
538	983	95	802	460
943	219
249	62
588	113	12
506	1
578	1	24
608	387
1057	1037
315	194
557	442
127	93
397	685
607	928
97	477
325	139
336	1030
1005	33	244
923	1	33	10	521
986	372
639	573
710	588
489	244
1002	613	30
320	138
852	29
310	538
674	356
826	1	442
930	1	613	442
16	570	729	776	458	556	202	982	221	535	784	171
688	437
761	1036	731
972	962
144	108
214	159
954	952
544	225	7	23
762	645	143
797	234
112	587
816	339	801	1043
227	174
412	99
760	142
800	62
453	1045
644	996
547	1	244
616	973	651	226
219	521
805	943	527	1009
422	804	1080	866	244
705	152
14	144
239	198
566	1	486
203	492	655
374	245	692
408	868
1041	830
61	33
842	634	62
545	429
863	509	30
272	28
1096	16
234	716
652	566
36	7	82
476	415	347
286	742
894	7
182	785	646	627	120
722	895
129	509
1030	1044	613	442
305	930
549	981	1
400	688	315	872
1017	1	942	442
84	639
694	657
98	621
381	10
120	638
295	254
447	521
646	1069
955	737
209	60
454	1092
183	231	715
225	172
721	1	898
866	609
119	950
633	797
728	442
461	33
155	936
486	521
10	59
55	364
192	161
862	840	30
350	2
445	1081	384	987
124	405
884	1049
7	1
430	107
515	180
594	126
121	520	20
532	1	216	408
262	43
318	102
312	107
442	1
716	378
739	793
382	160
1047	625
624	150
1009	108	2	921
687	632
860	30
749	561
469	1
356	222
843	613	33
146	576
875	442
934	1	614	442	1053
997	949
73	608
1015	894	1
242	854	249
613	8
680	505
396	2
776	294
255	47
288	239	110	201
410	411
552	1	296	7	1021	449
309	68
359	313
541	1	613	542	168
1019	1	1046	613	442	1010
645	262
775	325
52	402
938	606
280	75
497	461
520	2
634	767
500	428
702	739
380	733
392	154
861	1020	30
1043	620
256	156	521
488	724
142	106
1022	966
352	781
436	399
25	246
788	1	442
338	198
542	1	464
525	2	1046	1
940	813
649	706
1006	40	244
519	2
855	643
1070	1	613	442	902
420	495
435	819
456	934
625	966
975	1061
1081	1019
200	44	728
455	760
466	2
601	272
879	550
1021	244	65	8
106	79
424	133	780	577
93	250	652
915	531
1048	1050
204	61	167
606	229
726	511
253	487	417	442	532
259	82	30
6	1
244	1
401	209
1046	619
274	567
697	743
160	726
1061	989
229	1
18	4
38	320	264
154	2
168	689
176	557	235	700	1095	442	799	635
194	1039
266	440
348	877
490	792
499	141
574	1	940
806	269
876	450
987	383	992
44	334
228	1060
281	611
462	434
501	412
867	738	705	1002	610
195	355
433	421
782	445	128	382	381
984	875
42	307
539	1	395	255	540	203
522	1	255	7
698	6
452	607	754	750	833	857
921	818
278	238
941	553
8	1
23	288	124	122	81	672	829	366	114	177	285	69	236	284	97	363	282	1041
33	1
46	129
51	932
75	516
76	31	444
113	84
233	191
250	33
267	716	353
287	414
306	184
307	423
314	79
332	132
353	1
370	876	182	476	628	637	850
389	980
404	503
495	275
514	246
535	773	490	42	268	422	130	782	267	836	650	926	809	488
568	1	613	442	735
587	694	336
610	897
779	847	76	711	710	244	875
801	728
880	956
890	803	244
920	187	781	888	756
926	367	1	995	870	900	442	82
936	1	944	442	144
993	147	1046	905
1063	958
1094	1044
220	537
1083	1077
213	70
543	1	208	38	498	206	851	475	707	442	318	317	668	400
944	1056	219
976	1	584	967
2	1
30	1
87	151
126	1011
277	237	401	698
655	462
343	251	953
357	156
540	394
650	352	6	662
773	388	890	622	636
1025	82	442
95	94
165	134
311	244
394	778
413	349
470	2
653	583
736	36
772	629
781	892
872	654	919
957	1	844
963	259
1039	244
1
695	658
893	721	7
263	52
592	147
82	62
407	794
482	970
562	1	255	7	613	442
236	404	472
503	365
28	1
992	613	442
994	297
170	83
331	439
417	53	985
217	712
480	946	1076	456	232	790
659	244	61
673	358
676	271	6
877	1083
973	50	922	1074
1033	58
279	582
355	758
682	686
815	800
911	808
1004	977
237	579
904	694	489
208	519
630	548
909	700	843
317	205
1040	994
446	823
785	604	373
62	1
524	1
366	247	6
928	881	903	2
276	497
527	33	1
172	523	142
221	834	745	971	62	134
92	33
569	1	963
580	1	377
679	506
666	331
808	1000
83	332
175	59
368	736
472	667
140	33
834	309
4	57
258	66
658	997	61
1013	2	1
41	772
1058	642
294	1
556	788
171	605	78	370	179	779	670	976	846	909	671	907	663	839	3
886	559	6
443	250
990	613	905
629	694	6
690	763
1069	1053
349	20
628	746
247	294
946	837	1082
230	558
372	1002	7
271	816
977	1	350	296	966
631	204
393	341
254	595
841	22
577	1	980
907	774	966	41	1
830	326
1077	1025
759	722
1095	1084
707	194	679	276
711	696	217
792	554	144
1060	656
11	1	760
80	852	61
316	413
1007	1	244
53	533
347	734
685	481	496
991	1	82	442
383	1093
822	920	821	480	183	453	452
268	704	901	1073
790	443
59	6
908	6	1
661	243
756	348
814	469
795	814
821	990	914
1014	33	1
763	733
1044	623
326	717
844	990	2
216	244
967	244	1025
246	442
426	1	230	188
734	853
235	568
31	15
859	925
939	51
251	2
881	708
69	90
478	703
402	100
473	105
65	574
484	820
979	33	20
1090	1027
24	246
177	289
479	530
611	887
766	486
133	602
78	1094	863	451
777	397	274	312
223	593	975
742	345
1008	147	714
1028	298	1020	524
334	1
1064	1059
570	544	765	212	210	322	37	831	342	277	426
675	154
64	1007
902	367	714
15	787
751	552
1087	942	30
820	911
1010	489
406	6	144
925	367	1
202	244	777	546	661	273	494	794	493	539	137
371	1048	250
361	884
813	2	1
494	974	39	256
988	82	1
130	647	648
362	675
134	2
345	1033
851	379	409	47
802	744
477	618	55	502
767	2	20
746	333
999	615	525
385	1068
718	396
191	2
794	589
342	343	278
193	806
337	261
615	220
738	1023
770	504
232	186	455	678
572	7	145
298	33
421	302
152	695
457	699
504	860	1
589	6
579	1	62
703	156
551	1
333	244
344	229
159	716
169	660
959	251
341	682
745	337
873	290
399	795
449	32
34	10	613	442
63	173
379	517
241	1032
398	184
636	376
68	955
1067	908
210	324	63	427	279
951	166	1040
614	62	219
691	766
211	581
917	1071
21	776
1085	1016
620	1064
101	441
354	54
870	433
29	255	7
803	879	613	923	416
758	720
1020	61	8
60	2
708	1	251
414	1
17	295
439	969
604	856
669	783	882
743	344
586	1	354
212	775	362	103	244	886	71	140	33
537	386
437	612
966	246
122	101	1039
161	131
434	601
914	694	702
561	613	442
1054	889
103	74
511	979
1016	857	691	572
950	446
487	716
593	109
297	1093
512	701
109	294	80
291	812
369	246
622	424	146
924	1046	1
799	512
740	29
778	311
32	255
1082	563
505	484
754	1070
378	1
373	751
858	613	924
3	246	1066	5	18
905	1
131	298	681
1032	613
962	860
48	244
197	248	223	513
66	281
755	564
913	824
128	883	1090
300	1094
677	966
969	335
998	298	942	524
725	642
564	1	479
617	216
167	1031
602	999
89	442
647	112
173	959
554	1	683	1004
744	334
471	33
713	591
605	811
496	191
595	713
20	1
704	163
459	100
591	149
493	197	951
840	8	510
931	1	442
922	1	7
638	575
137	641	251	630
502	283
100	1
238	7
123	24
952	244	62
791	1022	910
1073	980
163	32
712	1072
897	1053	859
942	62	8
166	115
427	323
50	708	229
699	148
269	586
530	7	21
1012	298	489
817	92	1
1093	1062
656	913
670	291
824	447
600	49
671	873
37	153	517
451	1086
667	328
57	34
828	316
19	740
56	430
517	1
1024	657	905
365	46
956	246
651	534
864	294	82	30
1072	979
642	246
662	233
719	257	380
79	60
910	551
86	948
35	1	918
58	224
508	828
72	40
839	841	6	11
409	250	6
1052	1006
179	19	791	912	786	596
283	216
730	845
507	1032
896	2	35
995	939
1074	1029
324	697
90	507
360	398
1023	442	20
612	361
431	299
887	501
260	1	896	334
1045	626
626	755
623	154
637	891
786	406
1003	732
1062	988
70	545
970	960
111	287
935	613	1014	904
731	1028
804	931	30	1010
105	48
329	515
71	569
723	371
264	246
386	96
468	82
932	613	1013
837	300
903	60	714
45	732
831	321
363	169
117	88
857	524
416	714
1029	942	524
321	815
812	769
299	111
148	116
533	741
888	482
115	631
467	1032
153	562
257	64
285	56
641	244
883	1089
643	251
273	796
953	474
231	185
958	251
116	86
188	45
882	709
686	20
980	20
335	266
67	17
1084	1079
313	978
1068	1052
918	475
974	1075
1031	942
375	571
789	459
632	789
819	463
22	690
186	723	649
463	360
709	1047
787	369
829	330	508	329
732	247
441	431
771	624
510	858
978	1	486
1075	998
304	641
948	992
248	514
714	244	478
546	957
811	1	980
328	149
668	304
1079	1024
322	263
856	644
376	193	858
571	918
323	211
960	1087
596	117
534	1	669
157	123
185	157
474	580
94	72
769	917
330	473
752	935
683	89
764	732
1086	1054
796	229
261	730
149	175
88	67
581	375
809	752	771	817
818	1
5	617
919	20
