743 129979
903 3833
903 161398
1053 17473
1628 56950
1628 61777
1628 137471
1628 189145
1759 51107
1759 181057
1759 203318
1759 220618
2152 8102
2152 185290
2152 213438
2152 213997
2663 158679
3336 139792
3336 163402
3336 164770
3336 195397
3468 3563
3468 61617
3468 93061
3468 93185
3468 163464
3468 199329
3468 205204
3468 209488
3563 15062
3563 70160
3563 83352
3563 93061
3563 93185
3563 131830
3563 163464
3563 167705
3563 205204
4205 5539
4205 15315
4205 181057
4275 5677
4275 183830
4391 11226
4391 11280
4391 42496
4391 44238
4391 47693
4391 99844
4391 130267
4391 177673
4391 189242
4391 213438
4626 26766
4626 37013
4626 41778
4626 46927
4626 73962
4626 109326
4626 110951
4626 131964
4626 141558
4627 73855
4627 73962
4627 103971
4627 110951
4627 131964
4627 141402
4627 171504
5539 30169
5539 116137
5539 116149
5539 185025
5539 204078
5649 181057
5649 203318
5677 162253
5677 196915
5802 61025
5802 111783
5802 114489
5802 123463
5802 198948
5802 206739
6010 174794
6405 40575
6405 58404
6405 97318
6405 178619
6405 180162
6408 10722
6408 25345
6408 30439
6408 58685
6408 66657
6408 93185
6408 101273
6408 178396
6408 190426
6408 196915
6408 212114
6759 107093
6759 167011
6767 129979
6767 148489
6767 210315
7067 83698
7067 145410
7067 152692
7067 154783
8102 17640
8102 69283
8102 79641
8102 115408
8197 31004
8197 47693
8197 80914
8197 128648
8225 64824
8225 88299
8225 98064
8225 143036
8225 171346
8518 10269
8518 130267
8518 209413
8714 84494
8714 101143
8714 104869
8714 110878
9111 77559
9111 168092
9111 215963
9176 96799
9176 174397
9397 15148
9397 128648
9397 179285
9397 203467
9397 215331
9890 11226
9890 14051
9890 30768
9890 68291
9890 71078
9890 101226
9890 109326
9890 116149
9890 189242
9890 220754
10269 10297
10269 10327
10269 10613
10269 10722
10269 74391
10269 175702
10269 178115
10269 188221
10269 209413
10297 10327
10297 10722
10297 30169
10297 188221
10327 10722
10327 101175
10327 188221
10510 128648
10510 129979
10510 141009
10562 106341
10562 136169
10613 10722
10613 73962
10722 61025
11226 11280
11226 30958
11226 99844
11226 189242
11226 220754
11280 99844
11280 189242
11280 220754
11546 104512
11588 41467
11588 119705
11588 133102
11588 134051
11588 141732
11588 197468
12103 85905
12103 95870
12103 159895
12307 188717
12694 97877
12694 109984
12694 151019
12694 168724
12829 101226
12829 152692
12829 161398
12829 211698
13261 134375
13261 151287
13261 207730
13763 36031
13763 96527
13763 101545
13763 109326
13841 18902
13841 29661
13841 141558
13841 174273
13841 182495
13841 215890
14051 15315
14051 28192
14051 58344
14051 137328
14051 188717
14094 38610
14094 201415
14352 42099
14352 89944
14352 134626
14370 86693
14370 135301
14370 177613
14541 183830
14703 109984
14703 191667
14941 30455
14941 61509
14941 103971
14941 104831
14941 106664
14941 120551
14941 167656
14941 195688
14941 209413
15049 29103
15049 36031
15049 59952
15049 84213
15049 168092
15049 188221
15049 195397
15049 206110
15062 26478
15062 70160
15062 115952
15062 131830
15062 156279
15062 167705
15062 177111
15148 148060
15148 164141
15148 176828
15148 206110
15315 28096
15315 36436
15315 45461
15315 107082
15315 108571
15315 130267
15315 137328
15315 159631
15315 174647
15315 181057
15315 194465
15315 209007
15396 26267
15396 62331
15396 99113
15396 103045
15396 140213
15396 158312
15479 184704
15544 26396
15544 134626
15544 185448
15544 195509
15544 205079
15544 205853
15544 208215
15544 212270
15625 56950
15625 106873
15625 122975
15625 199778
16064 122975
16141 16993
16141 106873
16141 117583
16141 204338
16239 20385
16239 30439
16239 92330
16239 111512
16239 129979
16239 178619
16684 30370
16684 118547
16684 149917
16684 155544
16693 87685
16693 139455
16693 140489
16993 157457
17473 26267
17473 48524
17473 70447
17473 73855
17473 75315
17473 78966
17473 125719
17473 137977
17473 196519
17473 201109
17473 211330
17516 29566
17516 69283
17516 92747
17640 137941
17944 59697
18291 77559
18291 150460
18655 139792
18902 213078
18999 30768
18999 60003
18999 143036
19281 109304
19281 172433
19669 42342
20041 107082
20041 107091
20041 107111
20041 212270
20385 26267
20385 61558
20385 92330
20385 111512
20385 129979
20385 158312
20385 178619
20385 203033
20414 29566
20414 69283
20414 92747
20414 107836
20414 111645
20414 187901
20414 215652
20828 30026
20828 31960
20828 60003
20828 99361
20828 101226
20828 168491
20828 190040
20838 34369
20838 80447
20838 105678
20838 129764
20838 193086
20939 29103
20939 35438
20939 107958
20939 110001
20939 175006
20939 196528
21202 51298
21202 70052
21202 113848
21202 133102
21202 139755
21202 159631
21202 180231
21202 181009
21202 220618
22122 175975
22122 216006
24397 32062
24397 65338
24397 126481
24397 129806
24462 24532
24462 137583
24462 175006
24462 181661
24527 42496
24527 70447
24527 107958
24532 197361
24532 213109
24710 28293
24710 58344
24710 77320
24710 80447
24710 116149
24710 129056
24710 142346
24710 159895
24710 168491
24710 184704
24710 188717
24710 190040
24945 146220
24945 174647
25345 94759
25345 108571
25345 168092
25490 88299
25490 151685
25490 155544
26267 45458
26267 55435
26267 61558
26267 67520
26267 68126
26267 70447
26267 103045
26267 107093
26267 109606
26267 129979
26267 154039
26267 154867
26267 158312
26267 196173
26267 211457
26267 214497
26396 59697
26396 92103
26396 109493
26396 162062
26396 168491
26396 185290
26396 190040
26396 214489
26396 220618
26478 127996
26478 177111
26478 180456
26478 181817
26478 202277
26478 205079
26717 26766
26717 77559
26717 91681
26717 92747
26717 112878
26717 143954
26717 197933
26717 206110
26766 42347
26766 55435
26766 93618
26766 104512
26766 109326
26766 111075
26766 137941
26766 144294
26766 164141
26766 176828
26766 197933
27009 87162
27009 134195
27009 178924
27009 198131
27009 216081
27478 80447
27478 110001
27478 113821
27478 213997
27553 78322
27553 99361
27957 97656
28017 37642
28017 89717
28017 92103
28132 116032
28132 174397
28192 58344
28192 79641
28192 137328
28192 147439
28192 181817
28192 188393
28293 39805
28293 104869
28293 184704
28293 189037
28708 33726
28708 69006
28708 96012
28708 198392
29103 70052
29103 115408
29103 117923
29389 115013
29389 130039
29389 154039
29389 158312
29389 164455
29443 66096
29443 74418
29443 75729
29443 111282
29443 129056
29443 143355
29443 168491
29443 170550
29443 181661
29443 182129
29443 190040
29443 213882
29566 68206
29566 69283
29566 82018
29566 92747
29661 47693
29661 64824
29661 87861
29661 88994
29661 109493
29661 109606
29661 134760
29661 181506
29661 184704
29661 199778
29661 204338
30026 30169
30026 99361
30026 115013
30026 185703
30026 218287
30169 65023
30169 130039
30169 211094
30370 59835
30439 61617
30439 217255
30455 161943
30455 207849
30687 30768
30687 61509
30687 97656
30768 60003
30768 116032
30768 143036
30862 61012
30862 155544
30953 177613
30958 31004
30958 106071
30958 189242
31004 201703
31113 107836
31113 132305
31702 157172
31886 167849
31960 56443
31960 114002
32062 178396
32062 211457
33256 186305
33256 220618
33433 175975
33433 211698
33482 39593
33482 61800
33482 66180
33482 71238
33482 107836
33482 158069
33726 175006
33726 176967
34452 117923
34452 146437
34452 146751
34457 115996
34802 102587
34802 143355
35438 36436
35438 87999
35438 93634
35438 102485
35438 139751
35438 140581
36031 146220
36153 97656
36310 99113
36310 103045
36310 107677
36323 41352
36436 38610
36436 128993
36436 159227
36436 181057
37013 46927
37084 148060
37113 63193
37113 72664
37113 77086
37113 78322
37113 126553
37113 132700
37113 179684
37113 204338
37356 60373
37356 61579
37356 219241
37642 84781
37642 193557
38610 92896
38610 134626
38888 187054
38888 198948
39391 130088
39391 146437
39405 50619
39438 101273
39438 123315
39593 71238
39593 96527
39593 119705
39593 159631
39593 207849
39784 122741
39784 147804
39805 98487
39805 143983
39805 173364
39805 196173
40575 46308
40575 97318
40575 178619
40678 123463
41103 44360
41103 45594
41103 188967
41352 205853
41467 86183
41467 157003
41467 162497
41778 45461
41778 151019
41778 188393
41933 46776
41933 74418
42099 134626
42320 130088
42342 149253
42347 60868
42347 93618
42347 113179
42347 130267
42347 132225
42347 144294
42347 159631
42398 68126
42398 80914
42398 142346
42398 163430
42496 104831
42778 64824
42778 98064
43417 47567
43417 66180
43417 77320
43417 97877
43417 111512
43417 126968
43417 177673
43745 53548
43745 151027
44053 158579
44053 176575
44053 194465
44360 107054
44494 46927
44494 48162
44494 126553
44494 218589
45227 51950
45227 158579
45227 186952
45458 50373
45458 87135
45458 101450
45458 141558
45458 175702
45461 132947
45594 57063
45594 101175
45594 108778
45594 114190
45594 124389
45594 171499
45594 174647
46205 67566
46205 148060
46205 154039
46205 206110
46308 111282
46308 116956
46308 121470
46308 126182
46308 128428
46308 165830
46484 178924
46663 116004
46663 214253
46776 69006
46776 181506
46776 181562
46927 48162
46927 71143
46927 146530
46927 149917
47567 91831
47567 107082
47567 109493
47567 111512
47567 141801
47567 152692
47567 165605
47567 215548
47693 87861
47693 88994
47693 115996
47693 129056
47693 177673
47693 184704
47693 212546
47893 47963
47893 204338
47963 85380
48162 59887
48162 125719
48162 202094
48162 215536
48162 218589
48168 63732
48168 76829
48168 180278
48524 73855
48524 93618
48524 132305
48551 67520
48551 87135
48551 204338
50373 94097
50373 107677
51298 51504
51298 100171
51298 120677
51298 122975
51298 130201
51298 139755
51298 159631
51298 177613
51298 178396
51298 179684
51298 180231
51298 181009
51298 196173
51298 220618
51504 109984
51504 122975
51504 178396
51504 179684
51950 77289
51979 191103
51979 217516
52737 85380
52737 156737
52737 164770
52737 193086
52737 207519
53548 92103
53548 92896
53548 209280
53585 96388
53974 98487
53974 199778
55435 104512
55435 143355
55435 158312
55435 164141
55435 176828
55435 196173
55598 107958
55598 151568
55598 168092
56064 59835
56064 114405
56064 137583
56064 175006
56308 167245
56340 158069
56443 59952
56443 61777
56443 132700
56443 146437
56443 150317
56443 171346
56831 57865
56831 213109
56950 113179
56950 217255
57063 99361
57063 148060
57768 170550
57768 185954
57865 71422
57865 176828
57865 217331
58344 116149
58404 186161
58404 214832
58685 61025
58685 111783
58685 114489
58685 132272
58685 159631
58685 178396
58685 207849
58767 94790
58767 110001
58875 60421
58875 135799
58875 152535
59442 74909
59442 85875
59442 87685
59442 122945
59442 128648
59442 202277
59692 71143
59692 107836
59692 109493
59692 146437
59692 168491
59692 174647
59692 190040
59835 59887
59835 114405
59835 122945
59887 100297
59887 150865
59887 168092
59887 171499
59887 202094
59952 60003
59952 84213
59952 137833
59952 137941
59952 171346
59952 188221
60003 84213
60003 137833
60003 137941
60003 143036
60003 168491
60003 190040
60373 96799
60373 109493
60373 118547
60373 132305
60373 139792
60373 190426
60421 152535
60421 185297
60868 138429
60876 112734
60876 124550
61012 188874
61025 65023
61025 83698
61025 88299
61025 111783
61025 111997
61025 113179
61025 114489
61025 124550
61025 193557
61025 205853
61025 209007
61025 211094
61025 215331
61072 66424
61072 147439
61509 142150
61509 209413
61558 120677
61558 158312
61579 123463
61579 138429
61579 174568
61579 178115
61579 216971
61617 65662
61617 71143
61617 140489
61617 142150
61777 97877
61777 104831
61777 132700
61777 171346
61800 201109
62331 86594
62331 137188
62331 137583
62331 172745
62331 207339
62732 84839
63193 68773
63193 99361
63193 179684
63193 211094
63732 96527
63732 114477
63732 179684
63732 180278
63732 199931
63807 157457
64003 110001
64003 114245
64208 122975
64824 98064
64824 98487
64824 99169
64824 114245
64824 137941
64824 215652
64955 87685
64955 117617
64955 213109
65023 66424
65023 84531
65023 114190
65023 167878
65023 173075
65023 197789
65023 211094
65338 129764
65338 151876
65338 188679
65662 122510
65662 155544
66096 66424
66096 129056
66096 170550
66180 77320
66180 126968
66424 99361
66424 147439
66424 211094
66424 214489
66424 215548
66657 98064
66657 101273
66657 187054
66657 190426
66657 198948
67154 73962
67154 147804
67221 181057
67221 187901
67393 84531
67393 102587
67393 113879
67393 156031
67393 215652
67566 154039
68126 84423
68126 94821
68126 111252
68134 68291
68134 114719
68134 143036
68134 150865
68206 171504
68206 206387
68206 212053
68291 80914
68291 99361
68291 114719
68291 126481
68291 138862
68291 141402
68291 184704
68291 205204
68773 91831
69006 71422
69006 122945
69006 145495
69283 82018
69283 88299
69283 92747
69283 111512
69283 116100
69283 139795
69283 159631
69283 214497
70052 138429
70160 107958
70160 131830
70160 167705
70160 185290
70182 138429
70182 144504
70447 78966
70447 107958
70447 196519
70447 201109
70694 86594
70694 95028
70694 109606
70694 129057
70694 210547
71078 77320
71078 110878
71078 111075
71238 211094
71392 96527
71392 109493
71422 96527
71666 205395
72408 127738
72664 121234
72664 125719
72664 128428
72664 146316
72940 106743
72940 162253
73855 103971
73855 109824
73855 110951
73855 134195
73855 137977
73855 141402
73855 163464
73855 213438
73855 215652
73962 73987
73962 110951
73962 128993
73962 131964
73962 147804
73987 131964
74391 74909
74391 124550
74391 141558
74391 167705
74391 175702
74391 192031
74391 209413
74418 162062
74418 182129
74418 206110
74909 75729
75315 97318
75315 125719
75315 135990
75315 162253
75729 139755
75729 143355
76007 107808
77086 196704
77289 106071
77289 165605
77320 80447
77320 126553
77320 126968
77320 189145
77320 211276
77559 87135
77559 87685
77559 150460
77559 190927
77559 206110
77998 122129
77998 159141
77998 162062
78322 174397
78322 204338
78966 111512
78966 143355
78966 176828
78966 181057
78966 196621
78966 203318
79019 135579
79132 97656
79132 130201
79132 157527
79132 178619
79641 92747
79641 147439
79641 215652
79974 107093
79974 109493
79974 114489
79974 139792
79974 146437
80447 105678
80447 129764
80447 200513
80447 213882
80914 138862
80914 141801
80914 211276
82018 92747
82704 153695
83038 103045
83038 109326
83352 103045
83352 114719
83352 188221
83560 83698
83560 151685
83698 160945
84213 84494
84213 89944
84213 104831
84213 107836
84213 137328
84213 156761
84213 205395
84423 94821
84423 168491
84423 181661
84423 190040
84423 213882
84531 93471
84531 103191
84531 137777
84531 153695
84531 158069
84531 188393
84531 211094
84531 214832
84531 215652
84781 84839
84781 109326
84781 193557
84839 94759
84839 99361
84839 165605
84839 190114
85358 134626
85358 150317
85380 85483
85380 207519
85483 156761
85483 161398
85483 175861
85875 85909
85875 86693
85875 153321
85905 85909
85905 85925
85905 109984
85905 168724
85909 85925
85925 102587
85925 109984
85925 168724
85925 218287
86183 162497
86496 111252
86496 151876
86594 87685
86594 91681
86594 101700
86594 134375
86594 137328
86594 137583
86594 159227
86594 163430
86594 166741
86594 172745
86594 212270
86693 97318
86693 97877
86693 106071
86693 135301
86693 143355
86693 153321
86693 156737
86693 178115
87135 130088
87162 113879
87162 134195
87162 157409
87162 178924
87162 198131
87162 216081
87685 103045
87685 105678
87685 115439
87685 121262
87685 133102
87685 134051
87685 165605
87685 197571
87685 209413
87861 88994
87861 104512
87861 140581
87861 162062
87861 162497
87861 172432
87861 175702
87861 184704
87861 214489
87861 215652
87999 93634
87999 107054
87999 153321
87999 159748
87999 176575
87999 217331
88299 92747
88299 101273
88299 111783
88299 111997
88299 114477
88299 114489
88299 151685
88299 155544
88336 99361
88336 111645
88336 195397
88994 109606
88994 134760
88994 181506
88994 184704
88994 199778
89717 91402
89944 161398
89993 95028
89993 155820
90844 103964
90844 139755
92103 109493
92103 168491
92103 181661
92103 190040
92103 198498
92103 214489
92103 220618
92330 111512
92330 129979
92330 167849
92330 178619
92330 203033
92747 111512
92747 111997
92747 116100
92747 120677
92747 141801
92747 154039
92747 159631
92747 197361
92747 199778
93061 93185
93061 118903
93061 150430
93061 163464
93061 205204
93185 118903
93185 125094
93185 129806
93185 130088
93185 163464
93185 178396
93185 205204
93471 137777
93618 144294
93634 176575
94097 107677
94759 109897
94821 107091
94821 214489
94821 215536
95028 97656
95028 162062
95028 207849
95870 139751
95870 159895
95870 189145
95870 196184
95870 198412
95870 211276
96012 186161
96012 207519
96012 216395
96012 217055
96169 101499
96388 125719
96388 202850
96456 115439
96456 129979
96510 144294
96527 106873
96527 165830
96527 220051
96799 119705
96799 137583
96799 175006
97318 102795
97318 143355
97318 149253
97318 151287
97318 152941
97318 159227
97318 171504
97318 181817
97318 186305
97656 108778
97656 130201
97656 168491
97656 190040
97877 151019
97877 153321
97877 156737
97877 193854
98031 109493
98064 180756
98355 98487
98355 168092
98487 99169
98487 100171
98487 109493
98487 160218
98487 168092
98487 203467
98716 176828
98716 181057
98716 203318
98716 204078
99113 103045
99113 107677
99169 114245
99169 137941
99169 161569
99169 171499
99169 215652
99361 116137
99361 144294
99361 186305
99361 188393
99361 191667
99361 195397
99361 211094
99361 218287
99844 189242
99844 220754
100171 105085
100171 203467
100297 168092
100297 171499
101143 109493
101143 132700
101143 133126
101143 139792
101143 146437
101175 113848
101175 114002
101226 142150
101273 143355
101273 190426
101273 198498
101499 114966
101545 133126
101545 196915
101545 207519
101642 101700
102422 196173
102485 140581
102485 180162
102485 207339
102587 107093
102587 113879
102587 201415
102789 130201
102795 214253
102894 190114
102894 191637
102894 197361
103008 125094
103008 207655
103008 211457
103045 109326
103045 156031
103045 158312
103045 165605
103045 209413
103963 103964
103963 190927
103963 205015
103964 122945
103971 110951
103971 141402
103971 163464
103971 209413
103971 213438
104512 162497
104512 164141
104512 176828
104619 191103
104619 197789
104799 118547
104799 130267
104799 132700
104869 139795
104869 192031
105085 166826
105678 176828
106071 129057
106071 156737
106071 173364
106071 215890
106341 136169
106341 141732
106664 209413
106743 142150
106743 205853
106873 120781
106873 121234
106873 129056
106873 166826
106873 196621
106873 198069
106873 198131
106873 204338
106873 214497
106873 216006
107054 168491
107054 175702
107054 190040
107082 107091
107082 165605
107082 181057
107082 217449
107091 156737
107091 190037
107091 214489
107093 109493
107093 149917
107093 158312
107093 191637
107111 174166
107808 114245
107808 128648
107808 162497
107836 107854
107836 111645
107836 156761
107836 174794
107854 109419
107854 111282
107854 202906
107958 164164
107958 175006
108778 138862
108778 143355
108778 144294
108866 143983
108971 143351
108971 181506
109304 162497
109304 198445
109326 137941
109419 110001
109419 157457
109419 187054
109493 109824
109493 109844
109493 118771
109493 134195
109493 139792
109493 146437
109493 149917
109493 150865
109493 151027
109493 161365
109493 176828
109493 186305
109493 202850
109493 211276
109493 213109
109493 214489
109493 220618
109606 158312
109606 184704
109606 216518
109824 139792
109824 147804
109824 190022
109824 214497
109824 216081
109844 139792
109844 146437
109897 193768
109897 202277
109984 168724
109984 197571
110001 114245
110001 139755
110001 187054
110951 131964
110951 141402
111252 112234
111282 143983
111282 170550
111282 193271
111282 202906
111282 211457
111512 178619
111512 198498
111512 215548
111512 219241
111645 114002
111783 111997
111783 113179
111783 114489
111783 124550
111783 193557
111783 205853
111783 209007
111783 215331
111997 114489
111997 122125
111997 168092
111997 216518
112234 150430
112234 219389
112878 139755
112878 180231
112878 181009
112878 220618
113179 179285
113821 195688
113821 205398
113848 159126
113879 113912
113879 137583
113879 175006
113912 137583
113912 175006
114190 153082
114190 211094
114405 116956
114405 168491
114405 173364
114405 181661
114405 190040
114405 213882
114477 115013
114477 127453
114477 180278
114477 196915
114489 124550
114489 174568
114489 193557
114489 205853
114489 215331
114719 115952
114719 154867
114719 156279
114719 188221
114719 195397
114966 135579
115013 130039
115013 134051
115013 143036
115013 197571
115408 159227
115408 163402
115408 198392
115812 137651
115812 168491
115812 178619
115812 190040
115812 193548
115952 116004
115952 154867
115952 156279
115996 150317
115996 203111
115996 212546
116032 174397
116137 144294
116137 185025
116137 195397
116137 204078
116137 220051
116149 185025
116956 165830
116956 173364
116956 177111
117583 204338
117617 122945
117617 141558
117617 146530
117923 188679
118031 212114
118065 138862
118065 211094
118065 214710
118547 210315
118903 125094
118903 163464
118903 207730
119295 143351
119295 144294
119705 133102
119705 197468
119705 203033
119705 207849
119705 216395
120551 179758
120677 141801
120677 171504
121234 146316
121262 123315
121262 213997
121470 129056
121470 204411
122125 168092
122129 198498
122510 147084
122510 214497
122975 178396
122975 179684
122975 199778
123463 198948
123663 130088
124012 126182
124012 134626
124012 142150
124012 181009
124012 215548
124389 132700
124389 165830
124550 141558
125094 158579
125094 207655
125189 148489
125719 128428
125719 202850
126182 143351
126182 146751
126182 160945
126481 160945
126481 170550
126553 176967
126553 179684
126553 193086
126968 143983
126968 145495
127070 167656
127453 155973
127453 175843
127738 128857
127996 177111
128648 178115
128648 202277
128857 198445
128993 207849
128993 216081
129056 129057
129056 170550
129056 205015
129484 207849
129599 202277
129599 220754
129764 188679
129764 214832
129806 175861
129806 179758
129979 148489
129979 158312
129979 177111
129979 178619
129979 202850
130039 143036
130039 152692
130088 135990
130201 139755
130201 159631
130201 180231
130201 181009
130201 220618
130267 159631
130267 181057
130995 181817
130995 192570
131830 167705
131830 184030
131830 193271
131964 175843
132225 201109
132272 143351
132272 181506
132629 187054
132700 133126
132700 165830
132700 171346
132700 217255
133126 156737
133126 196621
133192 185297
133483 208215
134375 137471
134626 142150
134626 150317
134626 218589
134760 148060
135571 146220
135990 139695
137188 183830
137328 137330
137328 137583
137328 172745
137328 188393
137471 159631
137583 159227
137583 163430
137583 166741
137583 172745
137583 175006
137583 177111
137583 180456
137583 201703
137651 193548
137833 137941
137941 212114
137977 193859
138429 144504
138429 174568
138429 216971
139455 200513
139695 139795
139695 159126
139751 143036
139751 156737
139751 157042
139751 161398
139755 159631
139755 180231
139755 181009
139755 220618
139792 146437
139795 158069
139795 214497
140213 146751
140489 141402
140489 142150
140489 148060
140489 180756
140489 186952
140581 156761
140581 161365
140581 162062
140581 214489
141267 181562
141267 185290
141402 205204
141801 165605
141801 171504
142346 163430
143036 156737
143036 157042
143036 161398
143351 181506
143355 198498
143954 185297
144294 151287
144294 195397
144294 213109
144294 217449
145274 146316
145410 158579
145495 204411
146316 146437
146316 165830
146437 161365
146530 190114
147084 166826
147084 188221
147084 203111
147804 197789
148060 178924
148060 186952
148060 206110
149917 155544
149917 156737
149968 167245
150865 151027
150865 168092
150865 185290
151019 211276
151019 216081
151027 203111
151287 159227
151287 163402
151876 154783
151876 156737
152692 154783
152692 158579
152941 186305
153321 156737
153321 178115
153695 192031
153695 214832
154039 158312
154039 181293
154039 191637
154039 193271
154039 212546
154500 180278
154867 156279
154867 158312
154867 189145
154867 211276
155820 206387
155973 168092
155973 195397
155973 209488
156031 212270
156442 193086
156737 157042
156737 161398
156737 178115
156761 167656
157042 161398
157042 216518
157042 216519
157172 161398
157409 159141
157457 160690
158069 207655
158200 215963
158312 196173
158312 211457
158312 214497
158579 179758
158579 208215
158679 164164
158679 202850
159141 161398
159227 163402
159227 172745
159227 175702
159227 198392
159227 215963
159631 162064
159631 180231
159631 181009
159631 207849
159631 220618
159748 217331
160218 213997
160690 211094
160945 181506
160945 190927
160945 197468
161365 168491
161365 190040
161365 195688
161365 216395
161398 191667
161398 211698
161943 206110
161943 207849
162062 175702
162062 183735
162062 185290
162062 206110
162062 214489
162064 206110
162361 174862
162361 175006
162497 172432
163402 198392
163430 172745
163430 185297
163430 197789
163464 205204
163464 213438
163773 181293
164141 176828
164603 193548
164770 207519
164792 166741
164792 205079
165605 183830
165605 190114
165605 209413
165605 213438
166741 172745
166741 205079
166826 203111
166826 205204
167011 174397
167656 185297
167656 220051
167878 211094
168092 171499
168092 188717
168092 195397
168092 205395
168092 209488
168092 209491
168491 178396
168491 181661
168491 185290
168491 188393
168491 190040
168491 211457
168491 213882
170550 180456
170550 190426
171504 212053
171504 214120
171814 176828
171814 187054
171814 192570
171884 199186
171884 217255
172433 213078
173075 197789
173364 175702
173364 190927
174166 174273
174397 184704
174568 216971
174647 181057
174647 189145
175006 180456
175006 201703
175702 209413
175702 214489
175861 189145
175975 193433
175975 216006
176572 176575
176572 198392
176572 198445
176572 216518
176828 181057
176828 203318
176828 204078
176967 193086
176967 210315
177673 178619
177673 184704
178396 179684
178396 181661
178396 190040
178924 216081
179285 203467
179684 199931
180162 199778
180231 181009
180231 220618
180278 186952
180456 202277
180456 205079
180756 185290
181009 220618
181057 203318
181057 204078
181562 199186
181661 190040
181661 213882
181817 208215
183830 196173
185025 204078
185290 190040
185297 196915
185297 199931
185297 201109
185448 195509
185448 205079
185448 208215
186161 217331
186305 211094
186952 199778
186952 215536
187054 198948
188393 190040
188717 195397
188717 211330
189145 190426
189145 196173
189145 211276
189242 220754
190037 206739
190040 211457
190040 213882
190114 197361
190114 213438
190426 212114
191103 197789
191667 211094
193433 199186
193548 205204
193548 206496
193768 193859
193768 202277
193768 219423
193854 212998
193859 213078
193859 219423
195281 206496
195397 209488
195397 209491
195509 196569
195509 205079
195509 208215
196519 215652
196704 217516
197361 198498
197789 201191
197933 199186
198392 198445
198392 216518
198445 198498
198445 216518
199186 215536
199329 209488
199778 209007
202277 205079
203318 204078
204338 215331
205015 205559
205079 208215
205395 205398
205395 205403
205398 205403
205398 217516
205403 211094
207519 216395
207519 217055
207730 207849
208215 212270
209413 209488
209413 209491
209488 209491
209990 211698
210315 213109
211094 217449
211276 216081
213109 217449
213438 213997
213588 217516
214489 215548
214489 220618
215548 216384
216006 216081
216518 216519
