0 1 0.5
0 2 0.25
0 5 0.5
0 8 0.5
0 9 0.5
0 13 0.5
0 15 0.5
0 16 0.5
0 17 0.5
0 18 0.5
0 19 0.5
1 2 0.25
1 4 0.5
1 5 0.5
1 6 0.5
1 8 0.5
1 16 0.5
1 17 0.5
1 18 0.75
1 19 0.5
2 3 0.5
2 5 0.25
2 6 0.5
2 7 0.5
2 16 0.5
2 18 0.5
2 19 0.5
3 4 0.5
3 5 0.5
3 6 0.5
3 7 0.5
3 8 0.25
3 17 0.5
3 18 0.5
3 19 0.5
4 5 0.5
4 6 0.5
4 7 0.5
4 8 0.5
4 9 0.75
4 18 0.5
4 19 0.25
5 6 0.5
5 7 0.5
5 8 0.5
5 10 0.5
6 7 0.5
6 8 0.5
6 9 0.5
6 10 0.5
6 11 0.5
7 8 0.25
7 11 0.5
7 12 0.5
7 13 0.5
7 14 0.5
8 9 0.5
8 10 0.5
8 11 0.5
8 12 0.75
9 10 0.5
9 11 0.25
9 12 0.5
9 13 0.5
9 14 0.5
9 15 0.5
9 17 0.5
9 19 0.5
10 11 0.5
10 12 0.5
10 13 0.5
10 14 0.25
10 15 0.5
11 13 0.5
11 14 0.5
11 15 0.5
11 17 0.5
12 13 0.5
12 14 0.5
12 15 0.75
12 16 0.5
12 17 0.25
12 19 0.5
13 14 0.5
13 15 0.5
13 16 0.5
13 18 0.5
14 15 0.5
14 16 0.5
14 17 0.5
14 18 0.5
14 19 0.25
15 16 0.5
15 17 0.5
15 18 0.5
15 19 0.5
16 17 0.5
17 18 0.5
17 19 0.5
18 19 0.75
