78	25
24	25
26	25
38	25
78	28
7	28
24	28
26	28
38	28
78	53
39	53
13	53
7	53
18	53
24	53
26	53
38	53
50	53
77	53
4	53
23	53
71	53
50	53
78	24
7	24
18	24
26	24
38	24
50	24
69	24
77	24
4	24
71	24
50	24
11	12
78	12
2	12
10	12
14	12
80	12
39	12
13	12
41	12
24	12
26	12
38	12
69	12
77	12
71	12
72	12
3	12
78	31
39	31
13	31
41	31
66	31
26	31
38	31
77	31
78	23
39	23
13	23
7	23
18	23
24	23
26	23
38	23
50	23
69	23
77	23
4	23
53	23
71	23
72	23
78	46
7	46
24	46
26	46
38	46
68	63
13	63
7	63
24	63
26	63
38	63
78	77
39	77
13	77
31	77
34	77
7	77
18	77
24	77
26	77
36	77
38	77
50	77
69	77
4	77
71	77
72	77
78	69
39	69
13	69
41	69
7	69
24	69
26	69
38	69
50	69
61	69
77	69
4	69
71	69
72	69
78	13
39	13
31	13
41	13
66	13
26	13
38	13
77	13
78	70
39	70
13	70
31	70
34	70
35	70
41	70
45	70
66	70
73	70
7	70
24	70
26	70
38	70
50	70
77	70
3	70
78	72
39	72
7	72
18	72
24	72
26	72
38	72
50	72
77	72
4	72
78	32
39	32
7	32
18	32
24	32
26	32
38	32
50	32
69	32
77	32
4	32
71	32
72	32
67	32
17	32
78	71
39	71
13	71
7	71
18	71
24	71
26	71
38	71
50	71
61	71
77	71
4	71
23	71
53	71
72	71
60	71
78	11
48	11
39	11
13	11
41	11
24	11
26	11
38	11
77	11
78	33
18	33
24	33
26	33
38	33
50	33
77	33
4	33
23	33
53	33
71	33
78	35
39	35
13	35
31	35
41	35
45	35
66	35
73	35
26	35
38	35
50	35
77	35
4	35
3	35
78	55
39	55
13	55
41	55
66	55
24	55
26	55
38	55
50	55
77	55
78	18
39	18
13	18
7	18
24	18
26	18
38	18
50	18
77	18
4	18
23	18
53	18
71	18
72	18
60	18
78	22
10	22
39	22
13	22
31	22
34	22
45	22
66	22
73	22
77	22
3	22
51	22
11	78
10	78
48	78
39	78
13	78
31	78
34	78
41	78
24	78
26	78
38	78
77	78
71	78
72	78
78	26
39	26
13	26
41	26
7	26
18	26
24	26
38	26
50	26
69	26
77	26
4	26
71	26
72	26
67	26
17	26
32	26
60	26
78	50
39	50
13	50
31	50
41	50
7	50
18	50
24	50
26	50
38	50
77	50
4	50
71	50
72	50
78	16
39	16
13	16
7	16
18	16
24	16
26	16
27	16
38	16
50	16
69	16
77	16
71	16
11	51
78	51
39	51
13	51
31	51
34	51
41	51
66	51
7	51
26	51
38	51
77	51
4	51
71	51
72	51
3	51
78	7
39	7
13	7
18	7
24	7
26	7
38	7
50	7
69	7
77	7
4	7
71	7
72	7
78	39
13	39
31	39
35	39
41	39
45	39
66	39
73	39
24	39
26	39
38	39
77	39
71	39
72	39
78	38
39	38
13	38
7	38
24	38
26	38
50	38
69	38
77	38
4	38
71	38
72	38
67	38
11	3
78	3
39	3
13	3
31	3
34	3
41	3
45	3
66	3
73	3
24	3
26	3
38	3
77	3
4	3
71	3
72	3
51	3
26	62
38	62
4	62
32	62
64	62
11	48
78	48
10	48
39	48
24	48
26	48
69	48
78	59
39	59
13	59
31	59
34	59
35	59
41	59
45	59
66	59
26	59
50	59
69	59
77	59
3	59
18	43
24	43
26	43
38	43
50	43
77	43
4	43
23	43
71	43
60	43
20	75
78	75
39	75
76	75
13	75
41	75
7	75
24	75
26	75
38	75
50	75
69	75
77	75
4	75
78	76
39	76
13	76
41	76
7	76
24	76
26	76
38	76
50	76
69	76
77	76
4	76
71	76
72	76
11	8
78	8
10	8
48	8
29	8
5	8
74	8
13	8
69	8
77	8
72	8
78	66
39	66
13	66
31	66
34	66
41	66
45	66
73	66
7	66
24	66
26	66
38	66
50	66
77	66
71	66
3	66
11	41
78	41
39	41
13	41
7	41
24	41
26	41
38	41
77	41
71	41
68	44
78	44
58	44
39	44
13	44
34	44
7	44
24	44
26	44
38	44
50	44
77	44
71	44
72	44
78	36
39	36
7	36
24	36
26	36
38	36
50	36
77	36
4	36
72	36
68	47
78	47
39	47
13	47
31	47
34	47
45	47
66	47
7	47
24	47
26	47
38	47
50	47
77	47
72	47
11	52
78	52
14	52
48	52
80	52
21	52
29	52
30	52
56	52
39	52
26	52
69	52
78	2
10	2
12	2
13	2
31	2
7	2
24	2
26	2
38	2
50	2
69	2
77	2
71	2
78	54
39	54
34	54
66	54
24	54
26	54
38	54
50	54
77	54
78	79
2	79
10	79
12	79
13	79
31	79
24	79
26	79
38	79
69	79
77	79
11	14
78	14
10	14
19	14
48	14
80	14
39	14
13	14
24	14
26	14
38	14
69	14
77	14
71	14
78	20
39	20
13	20
31	20
34	20
7	20
24	20
26	20
38	20
50	20
69	20
77	20
4	20
72	20
17	20
78	29
10	29
14	29
48	29
58	29
80	29
21	29
56	29
39	29
13	29
31	29
26	29
38	29
78	30
10	30
14	30
48	30
80	30
21	30
29	30
56	30
13	30
31	30
7	30
26	30
27	30
69	30
68	37
78	37
39	37
31	37
41	37
7	37
24	37
26	37
38	37
50	37
61	37
69	37
77	37
4	37
72	37
75	49
78	49
39	49
13	49
41	49
7	49
24	49
26	49
38	49
50	49
61	49
69	49
77	49
71	49
72	49
78	10
2	10
39	10
31	10
7	10
24	10
26	10
38	10
50	10
69	10
77	10
71	10
72	10
78	21
10	21
14	21
48	21
29	21
30	21
56	21
39	21
13	21
31	21
26	21
38	21
69	21
78	9
2	9
10	9
12	9
14	9
58	9
80	9
13	9
26	9
38	9
69	9
71	9
78	45
39	45
13	45
31	45
34	45
35	45
41	45
66	45
73	45
26	45
38	45
50	45
77	45
72	45
3	45
11	74
78	74
10	74
80	74
5	74
39	74
13	74
34	74
26	74
38	74
77	74
11	56
78	56
10	56
14	56
48	56
80	56
21	56
31	56
26	56
38	56
71	56
78	57
2	57
10	57
12	57
80	57
39	57
31	57
26	57
38	57
69	57
78	61
13	61
7	61
24	61
26	61
38	61
50	61
69	61
77	61
4	61
72	61
75	1
78	1
39	1
76	1
13	1
34	1
41	1
7	1
24	1
26	1
38	1
69	1
77	1
4	1
7	67
24	67
26	67
38	67
50	67
4	67
71	67
72	67
17	67
15	67
11	80
78	80
10	80
14	80
48	80
39	80
31	80
7	80
24	80
26	80
38	80
50	80
69	80
77	80
71	80
7	17
24	17
26	17
38	17
50	17
77	17
4	17
71	17
72	17
60	17
78	27
39	27
76	27
13	27
7	27
24	27
26	27
38	27
50	27
69	27
77	27
4	27
72	27
78	34
39	34
13	34
41	34
66	34
7	34
24	34
26	34
38	34
50	34
77	34
71	34
72	34
3	34
78	42
39	42
13	42
34	42
41	42
24	42
26	42
38	42
69	42
77	42
78	60
13	60
7	60
18	60
24	60
26	60
38	60
50	60
69	60
77	60
4	60
23	60
71	60
72	60
17	60
37	64
76	64
7	64
24	64
26	64
27	64
38	64
50	64
77	64
4	64
23	64
71	64
72	64
17	64
32	64
62	64
11	58
78	58
10	58
12	58
14	58
19	58
48	58
80	58
39	58
13	58
26	58
38	58
69	58
77	58
71	58
78	73
39	73
13	73
31	73
41	73
45	73
66	73
26	73
38	73
77	73
20	40
11	40
78	40
39	40
76	40
13	40
34	40
41	40
7	40
24	40
26	40
27	40
38	40
50	40
69	40
77	40
64	40
78	4
7	4
18	4
24	4
26	4
38	4
50	4
77	4
71	4
72	4
67	4
17	4
32	4
68	65
13	65
31	65
34	65
53	65
66	65
73	65
24	65
26	65
38	65
77	65
78	6
39	6
13	6
31	6
34	6
41	6
66	6
26	6
3	6
78	15
13	15
7	15
26	15
38	15
50	15
77	15
4	15
71	15
72	15
67	15
17	15
32	15
11	5
78	5
10	5
9	5
74	5
39	5
13	5
18	5
26	5
38	5
77	5
78	68
10	68
37	68
39	68
13	68
31	68
41	68
34	68
4	68
7	68
24	68
26	68
38	68
50	68
69	68
71	68
77	68
72	68
11	19
78	19
10	19
14	19
48	19
80	19
56	19
39	19
13	19
31	19
7	19
26	19
38	19
71	19
